Order of approximation: N = 10
Fourier coefficients a_k:
a_0 = 2.2737367544323206e-16
a_1 = -1.1368683772161603e-16
a_2 = 0.0
a_3 = -8.526512829121202e-17
a_4 = 4.263256414560601e-17
a_5 = -7.105427357601003e-17
a_6 = 7.815970093361103e-17
a_7 = -9.947598300641404e-17
a_8 = 6.750155989720953e-17
a_9 = -4.973799150320702e-17
a_10 = -6.394884621840902e-17

Fourier coefficients b_k:
b_1 = 2.1168329961001935
b_2 = 0.3818885051781986
b_3 = 0.06965395735061704
b_4 = -0.04699843248865787
b_5 = 0.040250213089112544
b_6 = -0.03470083236900149
b_7 = 0.030335025634283214
b_8 = -0.026874870861795318
b_9 = 0.024088705264481865
b_10 = -0.021807224239921787

Relative error of approximation: 0.038624551661901665
Absolute error of approximation: 0.021860392471272794
Correlation between original and approximation: 0.9994682461484279
